solver = pywraplp.Solver.CreateSolver('SCIP')
# Usamos vectores y matrices
import numpy as np
# Definimos los parámetros del problema
# M1, M2, M3, M4, M5, M6, M7, M8, G1, G2, G3, G4, G5, G6, G7, G8
# Cada sector queda cubierto por al menos un aspersor
Aspersor_cubre = np.array([
[1, 0, 0, 0, 0, 0, 0, 0, 1, 0, 0, 0, 0, 0, 0, 0],
[0, 0, 1, 0, 1, 0, 0, 0, 1, 1, 1, 1, 1, 0, 0, 0],
[0, 0, 0, 0, 0, 0, 1, 0, 0, 0, 0, 0, 1, 1, 1, 1],
[0, 1, 0, 1, 0, 0, 0, 0, 0, 1, 0, 1, 0, 0, 0, 0],
[0, 0, 1, 1, 0, 1, 0, 0, 0, 1, 1, 1, 1, 1, 0, 0],
[0, 0, 0, 0, 0, 1, 1, 1, 0, 0, 0, 0, 0, 1, 1, 1]])

Aspersores_min = ([1, 1, 1, 1, 1, 1])

# Un aspersor máximo en cada sector
Uno_max_aij = np.array([
[1, 0, 0, 0, 0, 0, 0, 0, 1, 0, 0, 0, 0, 0, 0, 0],
[0, 1, 0, 0, 0, 0, 0, 0, 0, 1, 0, 0, 0, 0, 0, 0],
[0, 0, 1, 0, 0, 0, 0, 0, 0, 0, 1, 0, 0, 0, 0, 0],
[0, 0, 0, 1, 0, 0, 0, 0, 0, 0, 0, 1, 0, 0, 0, 0],
[0, 0, 0, 0, 1, 0, 0, 0, 0, 0, 0, 0, 1, 0, 0, 0],
[0, 0, 0, 0, 0, 1, 0, 0, 0, 0, 0, 0, 0, 1, 0, 0],
[0, 0, 0, 0, 0, 0, 1, 0, 0, 0, 0, 0, 0, 0, 1, 0],
[0, 0, 0, 0, 0, 0, 0, 1, 0, 0, 0, 0, 0, 0, 0, 1]])

Uno_max_bi = ([1, 1, 1, 1, 1, 1, 1, 1])

# Coste de cada aspersor
Coste = ([300, 300, 300, 300, 300, 300, 300, 300,
          490, 490, 490, 490, 490, 490, 490, 490])
